0.0000    0.0000    0.0000    0.0000    0.0000    87.2199    108.2910    0.0000    0.0000    0.0000    0.0000    -0.0000    0.0000    87.2199    162.4326
0.0001    0.0526    0.0530    0.0003    0.0004    86.3904    108.2910    0.0000    0.0000    0.0001    0.0000    0.0001    0.0017    85.9954    121.8053
0.0005    0.2105    0.2120    0.0048    0.0061    84.2851    108.2951    0.0000    0.0000    0.0036    0.0049    0.0060    0.0427    82.8434    108.0735
0.0012    0.4733    0.4767    0.0240    0.0310    81.3898    108.2873    0.0001    0.0003    0.0415    0.1249    0.0687    0.4776    78.3680    106.6024
0.0021    0.8409    0.8465    0.0740    0.0979    78.1863    108.1357    0.0006    0.0031    0.2378    1.2302    0.3858    3.0897    73.0868    99.5057
0.0033    1.3123    1.3172    0.1753    0.2370    74.9789    107.2613    0.0024    0.0181    0.9225    6.9316    1.4365    12.7263    66.8182    76.9246
0.0048    1.8856    1.8720    0.3503    0.4757    71.6649    103.8808    0.0071    0.0702    2.7617    25.1014    3.9630    33.0246    58.2546    32.9110
0.0066    2.5566    2.4648    0.6204    0.8063    67.8886    95.0930    0.0177    0.1904    6.8007    58.9091    8.4439    50.4312    45.5830    -15.0349
0.0086    3.3169    3.0292    0.9977    1.1600    63.4567    84.1778    0.0380    0.3593    14.2334    89.7550    14.1126    42.7669    28.1177    -39.2284
0.0108    4.1522    3.5315    1.4773    1.4695    58.7721    76.8843    0.0715    0.4983    25.7947    98.2298    18.5160    20.0814    7.8684    -37.1907
0.0134    5.0414    3.9758    2.0308    1.7209    54.7510    70.6163    0.1204    0.5961    41.0089    94.1466    18.6116    3.7181    -10.8376    -26.2530
0.0162    5.9581    4.3735    2.6103    1.9212    52.2032    64.8642    0.1842    0.6640    57.8991    86.0773    12.9118    -4.1331    -23.7936    -17.1051
0.0192    6.8732    4.7353    3.1617    2.0812    51.2078    59.5537    0.2593    0.7125    73.5293    77.5609    2.6920    -7.1264    -29.3287    -11.0907
0.0225    7.7596    5.0684    3.6396    2.2095    51.1564    54.6855    0.3405    0.7481    85.1936    69.6582    -8.8646    -7.8685    -28.5869    -7.3232
0.0261    8.5955    5.3785    4.0170    2.3130    51.2354    50.2483    0.4218    0.7749    91.4188    62.6630    -18.5160    -7.6357    -24.1645    -4.9468
0.0300    9.3663    5.6693    4.2866    2.3966    50.8563    46.2230    0.4985    0.7952    92.2009    56.5440    -24.3628    -7.0340    -18.5330    -3.4194
0.0341    10.0650    5.9438    4.4554    2.4643    49.8095    42.5801    0.5674    0.8108    88.6064    51.2187    -26.1782    -6.3228    -13.2503    -2.4129
0.0384    10.6890    6.2043    4.5381    2.5189    48.1505    39.2867    0.6268    0.8228    82.1284    46.5712    -24.8992    -5.6233    -8.9317    -1.7351
0.0431    11.2440    6.4525    4.5521    2.5628    46.0373    36.3088    0.6764    0.8319    74.1731    42.5057    -21.7594    -4.9827    -5.6975    -1.2689
0.0479    11.7330    6.6897    4.5145    2.5976    43.6277    33.6158    0.7169    0.8386    65.8228    38.9288    -17.8402    -4.4145    -3.3989    -0.9420
0.0531    12.1650    6.9172    4.4400    2.6248    41.0721    31.1760    0.7491    0.8435    57.7806    35.7720    -13.9083    -3.9190    -1.8105    -0.7087
0.0585    12.5470    7.1358    4.3413    2.6455    38.4544    28.9637    0.7744    0.8467    50.4336    32.9687    -10.3052    -3.4914    -0.7666    -0.5399
0.0641    12.8850    7.3464    4.2281    2.6606    35.7965    26.9534    0.7938    0.8487    43.9161    30.4715    -7.1226    -3.1222    -0.2107    -0.4157
0.0700    13.1870    7.5497    4.1068    2.6709    33.1828    25.1236    0.8082    0.8494    38.2526    28.2350    -4.4892    -2.8044    0.0740    -0.3234
0.0761    13.4560    7.7461    3.9815    2.6770    30.7306    23.4549    0.8184    0.8492    33.4225    26.2252    -2.5533    -2.5295    0.3373    -0.2538
0.0825    13.6990    7.9364    3.8565    2.6793    28.4404    21.9297    0.8250    0.8481    29.3465    24.4116    -1.1756    -2.2916    0.5773    -0.2008
0.0891    13.9210    8.1208    3.7364    2.6783    26.2857    20.5335    0.8288    0.8461    25.9337    22.7692    -0.1457    -2.0845    0.6703    -0.1601
0.0960    14.1230    8.2998    3.6239    2.6744    24.3020    19.2523    0.8303    0.8434    23.1032    21.2765    0.5127    -1.9032    0.6493    -0.1285
0.1031    14.3110    8.4738    3.5202    2.6678    22.4763    18.0741    0.8300    0.8401    20.7336    19.9166    0.8338    -1.7446    0.5808    -0.1039
0.1105    14.4850    8.6428    3.4251    2.6588    20.7869    16.9902    0.8284    0.8362    18.7080    18.6717    1.0596    -1.6035    0.4805    -0.0843
0.1181    14.6490    8.8076    3.3376    2.6477    19.2349    15.9882    0.8255    0.8318    16.9676    17.5317    1.2904    -1.4786    0.3726    -0.0688
0.1259    14.8030    8.9681    3.2564    2.6346    17.8386    15.0627    0.8214    0.8268    15.4682    16.4820    1.4876    -1.3676    0.3252    -0.0565
0.1340    14.9480    9.1244    3.1811    2.6197    16.5904    14.2055    0.8161    0.8213    14.1872    15.5151    1.5604    -1.2670    0.2848    -0.0465
0.1423    15.0880    9.2771    3.1110    2.6031    15.4627    13.4095    0.8095    0.8154    13.1160    14.6208    1.6666    -1.1765    0.1888    -0.0384
0.1508    15.2210    9.4262    3.0444    2.5849    14.4416    12.6693    0.8017    0.8091    12.2418    13.7928    1.8110    -1.0946    0.1224    -0.0318
0.1595    15.3520    9.5717    2.9798    2.5654    13.5165    11.9809    0.7929    0.8024    11.5170    13.0234    1.8887    -1.0196    0.1018    -0.0264
0.1685    15.4790    9.7140    2.9170    2.5445    12.6712    11.3383    0.7833    0.7953    10.8751    12.3082    1.8266    -0.9507    0.1116    -0.0220
0.1777    15.6040    9.8530    2.8561    2.5223    11.8792    10.7383    0.7734    0.7879    10.2917    11.6408    1.6714    -0.8874    0.1057    -0.0183
0.1872    15.7270    9.9891    2.7974    2.4991    11.1556    10.1768    0.7636    0.7801    9.7573    11.0178    1.4905    -0.8285    0.1070    -0.0152
0.1968    15.8480    10.1222    2.7412    2.4747    10.4900    9.6507    0.7542    0.7719    9.2576    10.4341    1.3597    -0.7737    0.0921    -0.0127
0.2067    15.9660    10.2526    2.6873    2.4492    9.8722    9.1566    0.7449    0.7635    8.7651    9.8873    1.2350    -0.7226    0.0725    -0.0105
0.2167    16.0820    10.3802    2.6350    2.4229    9.3007    8.6931    0.7356    0.7548    8.2855    9.3731    1.1462    -0.6745    0.0554    -0.0087
0.2270    16.1950    10.5052    2.5840    2.3956    8.7899    8.2564    0.7261    0.7458    7.8455    8.8901    1.1327    -0.6291    0.0527    -0.0072
0.2375    16.3060    10.6276    2.5343    2.3675    8.3171    7.8454    0.7167    0.7364    7.4596    8.4342    1.0460    -0.5861    0.0739    -0.0058
0.2482    16.4160    10.7477    2.4869    2.3385    7.8787    7.4573    0.7072    0.7268    7.1361    8.0045    0.9410    -0.5452    0.0600    -0.0047
0.2591    16.5240    10.8653    2.4412    2.3088    7.4758    7.0910    0.6975    0.7170    6.8639    7.5977    0.7062    -0.5061    0.0421    -0.0037
0.2701    16.6320    10.9806    2.3970    2.2784    7.1037    6.7444    0.6880    0.7069    6.6012    7.2132    0.4063    -0.4688    0.0470    -0.0029
0.2814    16.7390    11.0936    2.3543    2.2473    6.7573    6.4166    0.6790    0.6965    6.3504    6.8484    0.1535    -0.4328    0.0617    -0.0021
0.2929    16.8440    11.2043    2.3139    2.2156    6.4184    6.1059    0.6703    0.6859    6.0696    6.5024    0.0574    -0.3981    0.0434    -0.0014
0.3046    16.9480    11.3129    2.2750    2.1832    6.0913    5.8111    0.6618    0.6751    5.7690    6.1734    0.1462    -0.3645    0.0153    -0.0008
0.3164    17.0490    11.4194    2.2365    2.1503    5.7852    5.5312    0.6529    0.6640    5.4743    5.8604    0.3299    -0.3320    0.0012    -0.0003
0.3284    17.1480    11.5237    2.1976    2.1169    5.4992    5.2653    0.6429    0.6527    5.2073    5.5622    0.5227    -0.3003    -0.0067    0.0002
0.3407    17.2450    11.6259    2.1575    2.0830    5.2294    5.0123    0.6317    0.6413    4.9758    5.2779    0.6467    -0.2693    -0.0092    0.0006
0.3530    17.3420    11.7262    2.1166    2.0487    4.9837    4.7714    0.6196    0.6295    4.7680    5.0062    0.6320    -0.2391    0.0143    0.0011
0.3656    17.4370    11.8244    2.0760    2.0139    4.7420    4.5417    0.6069    0.6176    4.5389    4.7467    0.5366    -0.2094    0.0444    0.0015
0.3783    17.5310    11.9206    2.0374    1.9787    4.5030    4.3230    0.5945    0.6055    4.2830    4.4982    0.4416    -0.1803    0.0293    0.0019
0.3912    17.6220    12.0148    2.0001    1.9432    4.2798    4.1142    0.5823    0.5932    4.0412    4.2604    0.4326    -0.1515    0.0022    0.0023
0.4043    17.7110    12.1070    1.9627    1.9075    4.0693    3.9150    0.5701    0.5808    3.8394    4.0324    0.4339    -0.1231    -0.0032    0.0026
0.4175    17.7990    12.1973    1.9246    1.8714    3.8658    3.7247    0.5575    0.5681    3.6485    3.8137    0.4362    -0.0950    -0.0105    0.0030
0.4309    17.8850    12.2856    1.8853    1.8351    3.6884    3.5428    0.5444    0.5553    3.4636    3.6036    0.4183    -0.0672    -0.0020    0.0034
0.4444    17.9710    12.3719    1.8455    1.7987    3.5332    3.3690    0.5311    0.5422    3.3112    3.4019    0.3854    -0.0395    0.0068    0.0038
0.4581    18.0560    12.4563    1.8058    1.7622    3.3884    3.2028    0.5178    0.5291    3.1969    3.2078    0.3275    -0.0120    0.0072    0.0042
0.4719    18.1410    12.5387    1.7661    1.7255    3.2479    3.0439    0.5044    0.5157    3.0945    3.0212    0.2570    0.0154    0.0092    0.0046
0.4859    18.2260    12.6191    1.7266    1.6889    3.1021    2.8918    0.4909    0.5022    2.9815    2.8415    0.1874    0.0428    0.0003    0.0050
0.5000    18.3110    12.6975    1.6868    1.6523    2.9662    2.7465    0.4772    0.4886    2.8497    2.6686    0.1500    0.0700    0.0031    0.0054
0.5142    18.3950    12.7739    1.6471    1.6157    2.8385    2.6075    0.4632    0.4748    2.6990    2.5020    0.0573    0.0973    0.0123    0.0059
0.5286    18.4780    12.8482    1.6077    1.5793    2.7079    2.4746    0.4494    0.4609    2.5439    2.3415    0.0118    0.1245    0.0043    0.0064
0.5431    18.5580    12.9205    1.5685    1.5431    2.5847    2.3476    0.4357    0.4468    2.3978    2.1869    0.0487    0.1517    0.0101    0.0068
0.5577    18.6380    12.9907    1.5298    1.5072    2.4688    2.2263    0.4219    0.4326    2.2497    2.0380    0.1196    0.1790    0.0107    0.0074
0.5724    18.7150    13.0587    1.4916    1.4716    2.3583    2.1106    0.4079    0.4183    2.1012    1.8947    0.2147    0.2062    -0.0014    0.0079
0.5873    18.7900    13.1247    1.4530    1.4365    2.2539    2.0001    0.3939    0.4039    1.9594    1.7567    0.3020    0.2334    -0.0074    0.0084
0.6022    18.8630    13.1884    1.4136    1.4018    2.1606    1.8949    0.3800    0.3893    1.8253    1.6239    0.3223    0.2605    0.0071    0.0090
0.6173    18.9340    13.2499    1.3746    1.3676    2.0722    1.7948    0.3661    0.3746    1.7030    1.4963    0.3185    0.2875    0.0189    0.0096
0.6325    19.0030    13.3091    1.3369    1.3341    1.9802    1.6997    0.3523    0.3598    1.5854    1.3739    0.3633    0.3144    0.0159    0.0102
0.6478    19.0710    13.3661    1.3003    1.3013    1.8899    1.6094    0.3383    0.3450    1.4715    1.2565    0.4690    0.3409    0.0070    0.0108
0.6631    19.1370    13.4207    1.2643    1.2693    1.8135    1.5239    0.3240    0.3300    1.3656    1.1442    0.5434    0.3674    0.0151    0.0114
0.6786    19.2000    13.4729    1.2295    1.2382    1.7380    1.4431    0.3096    0.3149    1.2574    1.0370    0.5592    0.3933    0.0137    0.0120
0.6941    19.2620    13.5228    1.1957    1.2081    1.6633    1.3670    0.2952    0.2997    1.1494    0.9349    0.6139    0.4188    0.0092    0.0126
0.7097    19.3210    13.5701    1.1626    1.1790    1.5945    1.2954    0.2805    0.2845    1.0454    0.8379    0.6888    0.4438    0.0064    0.0131
0.7254    19.3780    13.6150    1.1300    1.1511    1.5293    1.2283    0.2658    0.2691    0.9482    0.7461    0.7942    0.4680    -0.0004    0.0137
0.7412    19.4330    13.6574    1.0973    1.1243    1.4709    1.1656    0.2507    0.2537    0.8597    0.6596    0.8879    0.4914    0.0025    0.0142
0.7570    19.4860    13.6972    1.0647    1.0989    1.4219    1.1072    0.2353    0.2383    0.7774    0.5783    0.9204    0.5141    0.0192    0.0147
0.7729    19.5380    13.7344    1.0339    1.0748    1.3720    1.0532    0.2197    0.2227    0.6979    0.5024    0.9194    0.5356    0.0233    0.0151
0.7889    19.5870    13.7691    1.0051    1.0521    1.3246    1.0033    0.2041    0.2071    0.6235    0.4318    0.9411    0.5560    0.0143    0.0155
0.8049    19.6350    13.8011    0.9777    1.0309    1.2813    0.9576    0.1883    0.1914    0.5511    0.3667    0.9632    0.5753    0.0056    0.0158
0.8210    19.6810    13.8306    0.9509    1.0113    1.2436    0.9159    0.1724    0.1757    0.4808    0.3070    0.9634    0.5932    0.0078    0.0160
0.8371    19.7250    13.8574    0.9248    0.9932    1.2095    0.8782    0.1566    0.1599    0.4114    0.2528    0.9426    0.6096    0.0106    0.0163
0.8533    19.7660    13.8816    0.8997    0.9768    1.1780    0.8444    0.1408    0.1440    0.3425    0.2039    0.9330    0.6247    0.0144    0.0164
0.8695    19.8040    13.9032    0.8761    0.9620    1.1502    0.8144    0.1250    0.1281    0.2776    0.1605    0.9198    0.6383    0.0253    0.0165
0.8857    19.8380    13.9222    0.8550    0.9490    1.1212    0.7882    0.1093    0.1122    0.2181    0.1224    0.9045    0.6502    0.0272    0.0166
0.9020    19.8690    13.9387    0.8367    0.9376    1.0978    0.7657    0.0936    0.0962    0.1641    0.0896    0.8957    0.6606    0.0285    0.0167
0.9183    19.8960    13.9526    0.8214    0.9280    1.0803    0.7467    0.0780    0.0802    0.1160    0.0620    0.8818    0.6693    0.0326    0.0167
0.9346    19.9180    13.9639    0.8095    0.9201    1.0660    0.7313    0.0623    0.0642    0.0752    0.0395    0.8811    0.6765    0.0276    0.0167
0.9509    19.9350    13.9727    0.8004    0.9139    1.0575    0.7194    0.0465    0.0481    0.0425    0.0221    0.9023    0.6821    0.0268    0.0167
0.9673    19.9480    13.9789    0.7942    0.9095    1.0515    0.7109    0.0308    0.0320    0.0183    0.0098    0.9241    0.7718    0.0248    0.0187
0.9836    19.9560    13.9827    0.7905    0.9069    1.0483    0.7058    0.0153    0.0120    0.0034    0.0014    0.9242    0.6876    0.0216    0.0166
1.0000    19.9590    13.9827    0.7892    0.9069    1.0488    0.7058    -0.0000    0.0000    -0.0017    0.0000    0.9096    0.0000    0.0253    0.0000
