0.0000    0.0000    0.0000    0.0000    0.0000    87.2199    0.5017    0.0000    0.0000    0.0000    0.0000    -0.0000    0.0000    87.2199    0.7526
0.0001    0.0526    0.0529    0.0003    0.0000    86.3904    0.5017    0.0000    0.0000    0.0001    0.0000    0.0001    0.0000    85.9954    1.1758
0.0005    0.2105    0.2117    0.0048    0.0000    84.2851    1.4801    0.0000    0.0000    0.0036    0.0000    0.0060    0.0000    82.8434    2.2588
0.0012    0.4733    0.4760    0.0240    0.0003    81.3898    3.4007    0.0001    0.0000    0.0415    0.0003    0.0687    0.0000    78.3680    4.3081
0.0021    0.8409    0.8457    0.0740    0.0016    78.1863    6.4688    0.0006    0.0000    0.2378    0.0057    0.3858    0.0006    73.0868    7.4691
0.0033    1.3123    1.3204    0.1753    0.0067    74.9789    10.8493    0.0024    0.0001    0.9225    0.0571    1.4365    0.0070    66.8182    11.8004
0.0048    1.8856    1.8992    0.3503    0.0212    71.6649    16.6532    0.0071    0.0010    2.7617    0.3742    3.9630    0.0531    58.2546    16.9609
0.0066    2.5566    2.5803    0.6204    0.0562    67.8886    23.8666    0.0177    0.0046    6.8007    1.8131    8.4439    0.2788    45.5830    22.1416
0.0086    3.3169    3.3580    0.9977    0.1289    63.4567    33.9163    0.0380    0.0169    14.2334    6.4748    14.1126    1.0719    28.1177    25.2504
0.0108    4.1522    4.2170    1.4773    0.2619    58.7721    46.3942    0.0715    0.0490    25.7947    18.0244    18.5160    2.9417    7.8684    22.9680
0.0134    5.0414    5.1255    2.0308    0.4717    54.7510    60.4804    0.1204    0.1129    41.0089    38.5064    18.6116    5.6523    -10.8376    14.1357
0.0162    5.9581    6.0348    2.6103    0.7509    52.2032    73.5780    0.1842    0.2088    57.8991    63.2339    12.9118    7.6398    -23.7936    2.3140
0.0192    6.8732    6.8993    3.1617    1.0644    51.2078    82.5615    0.2593    0.3203    73.5293    83.0556    2.6920    7.4159    -29.3287    -6.9205
0.0225    7.7596    7.6904    3.6396    1.3706    51.1564    86.0630    0.3405    0.4270    85.1936    92.8211    -8.8646    5.2653    -28.5869    -10.9156
0.0261    8.5955    8.4009    4.0170    1.6426    51.2354    84.8346    0.4218    0.5180    91.4188    93.7362    -18.5160    2.6064    -24.1645    -10.8183
0.0300    9.3663    9.0351    4.2866    1.8706    50.8563    80.5346    0.4985    0.5908    92.2009    89.2657    -24.3628    0.4773    -18.5330    -8.9091
0.0341    10.0650    9.6022    4.4554    2.0558    49.8095    74.6807    0.5674    0.6477    88.6064    82.3627    -26.1782    -0.8666    -13.2503    -6.7234
0.0384    10.6890    10.1121    4.5381    2.2036    48.1505    68.3119    0.6268    0.6916    82.1284    74.7588    -24.8992    -1.5754    -8.9317    -4.8768
0.0431    11.2440    10.5736    4.5521    2.3206    46.0373    62.0284    0.6764    0.7255    74.1731    67.3571    -21.7594    -1.8746    -5.6975    -3.4865
0.0479    11.7330    10.9940    4.5145    2.4126    43.6277    56.1381    0.7169    0.7515    65.8228    60.5225    -17.8402    -1.9393    -3.3989    -2.4892
0.0531    12.1650    11.3798    4.4400    2.4846    41.0721    50.7627    0.7491    0.7716    57.7806    54.3978    -13.9083    -1.8829    -1.8105    -1.7874
0.0585    12.5470    11.7356    4.3413    2.5405    38.4544    45.9346    0.7744    0.7869    50.4336    48.9694    -10.3052    -1.7718    -0.7666    -1.2959
0.0641    12.8850    12.0658    4.2281    2.5833    35.7965    41.6306    0.7938    0.7985    43.9161    44.1967    -7.1226    -1.6403    -0.2107    -0.9497
0.0700    13.1870    12.3736    4.1068    2.6156    33.1828    37.8093    0.8082    0.8071    38.2526    40.0016    -4.4892    -1.5082    0.0740    -0.7043
0.0761    13.4560    12.6618    3.9815    2.6391    30.7306    34.4197    0.8184    0.8132    33.4225    36.3158    -2.5533    -1.3830    0.3373    -0.5283
0.0825    13.6990    12.9329    3.8565    2.6553    28.4404    31.4108    0.8250    0.8173    29.3465    33.0689    -1.1756    -1.2692    0.5773    -0.4008
0.0891    13.9210    13.1885    3.7364    2.6654    26.2857    28.7363    0.8288    0.8197    25.9337    30.2011    -0.1457    -1.1671    0.6703    -0.3072
0.0960    14.1230    13.4304    3.6239    2.6703    24.3020    26.3529    0.8303    0.8207    23.1032    27.6595    0.5127    -1.0764    0.6493    -0.2379
0.1031    14.3110    13.6601    3.5202    2.6707    22.4763    24.2230    0.8300    0.8205    20.7336    25.4008    0.8338    -0.9965    0.5808    -0.1860
0.1105    14.4850    13.8784    3.4251    2.6673    20.7869    22.3172    0.8284    0.8191    18.7080    23.3822    1.0596    -0.9248    0.4805    -0.1465
0.1181    14.6490    14.0869    3.3376    2.6605    19.2349    20.6015    0.8255    0.8168    16.9676    21.5775    1.2904    -0.8618    0.3726    -0.1164
0.1259    14.8030    14.2859    3.2564    2.6508    17.8386    19.0572    0.8214    0.8137    15.4682    19.9526    1.4876    -0.8059    0.3252    -0.0932
0.1340    14.9480    14.4765    3.1811    2.6385    16.5904    17.6613    0.8161    0.8099    14.1872    18.4888    1.5604    -0.7549    0.2848    -0.0749
0.1423    15.0880    14.6594    3.1110    2.6237    15.4627    16.3952    0.8095    0.8053    13.1160    17.1632    1.6666    -0.7095    0.1888    -0.0607
0.1508    15.2210    14.8352    3.0444    2.6069    14.4416    15.2440    0.8017    0.8002    12.2418    15.9607    1.8110    -0.6684    0.1224    -0.0494
0.1595    15.3520    15.0041    2.9798    2.5882    13.5165    14.1959    0.7929    0.7945    11.5170    14.8649    1.8887    -0.6306    0.1018    -0.0404
0.1685    15.4790    15.1669    2.9170    2.5677    12.6712    13.2373    0.7833    0.7884    10.8751    13.8657    1.8266    -0.5959    0.1116    -0.0331
0.1777    15.6040    15.3238    2.8561    2.5456    11.8792    12.3598    0.7734    0.7817    10.2917    12.9497    1.6714    -0.5639    0.1057    -0.0273
0.1872    15.7270    15.4754    2.7974    2.5221    11.1556    11.5538    0.7636    0.7746    9.7573    12.1096    1.4905    -0.5340    0.1070    -0.0225
0.1968    15.8480    15.6218    2.7412    2.4972    10.4900    10.8121    0.7542    0.7671    9.2576    11.3357    1.3597    -0.5061    0.0921    -0.0186
0.2067    15.9660    15.7635    2.6873    2.4710    9.8722    10.1275    0.7449    0.7592    8.7651    10.6225    1.2350    -0.4798    0.0725    -0.0153
0.2167    16.0820    15.9005    2.6350    2.4437    9.3007    9.4958    0.7356    0.7509    8.2855    9.9623    1.1462    -0.4549    0.0554    -0.0126
0.2270    16.1950    16.0334    2.5840    2.4153    8.7899    8.9101    0.7261    0.7423    7.8455    9.3516    1.1327    -0.4311    0.0527    -0.0104
0.2375    16.3060    16.1620    2.5343    2.3859    8.3171    8.3674    0.7167    0.7333    7.4596    8.7835    1.0460    -0.4084    0.0739    -0.0085
0.2482    16.4160    16.2869    2.4869    2.3555    7.8787    7.8625    0.7072    0.7241    7.1361    8.2559    0.9410    -0.3865    0.0600    -0.0069
0.2591    16.5240    16.4081    2.4412    2.3242    7.4758    7.3928    0.6975    0.7145    6.8639    7.7633    0.7062    -0.3655    0.0421    -0.0055
0.2701    16.6320    16.5257    2.3970    2.2921    7.1037    6.9547    0.6880    0.7047    6.6012    7.3041    0.4063    -0.3451    0.0470    -0.0044
0.2814    16.7390    16.6399    2.3543    2.2592    6.7573    6.5459    0.6790    0.6945    6.3504    6.8741    0.1535    -0.3252    0.0617    -0.0034
0.2929    16.8440    16.7509    2.3139    2.2256    6.4184    6.1637    0.6703    0.6842    6.0696    6.4717    0.0574    -0.3057    0.0434    -0.0025
0.3046    16.9480    16.8588    2.2750    2.1913    6.0913    5.8056    0.6618    0.6735    5.7690    6.0938    0.1462    -0.2867    0.0153    -0.0017
0.3164    17.0490    16.9637    2.2365    2.1563    5.7852    5.4700    0.6529    0.6626    5.4743    5.7390    0.3299    -0.2680    0.0012    -0.0010
0.3284    17.1480    17.0657    2.1976    2.1208    5.4992    5.1552    0.6429    0.6515    5.2073    5.4050    0.5227    -0.2495    -0.0067    -0.0004
0.3407    17.2450    17.1648    2.1575    2.0847    5.2294    4.8594    0.6317    0.6401    4.9758    5.0905    0.6467    -0.2313    -0.0092    0.0001
0.3530    17.3420    17.2613    2.1166    2.0481    4.9837    4.5812    0.6196    0.6285    4.7680    4.7936    0.6320    -0.2132    0.0143    0.0006
0.3656    17.4370    17.3552    2.0760    2.0110    4.7420    4.3191    0.6069    0.6167    4.5389    4.5134    0.5366    -0.1953    0.0444    0.0011
0.3783    17.5310    17.4465    2.0374    1.9735    4.5030    4.0724    0.5945    0.6047    4.2830    4.2482    0.4416    -0.1775    0.0293    0.0015
0.3912    17.6220    17.5353    2.0001    1.9355    4.2798    3.8397    0.5823    0.5925    4.0412    3.9975    0.4326    -0.1597    0.0022    0.0019
0.4043    17.7110    17.6216    1.9627    1.8973    4.0693    3.6203    0.5701    0.5801    3.8394    3.7599    0.4339    -0.1419    -0.0032    0.0023
0.4175    17.7990    17.7056    1.9246    1.8587    3.8658    3.4131    0.5575    0.5675    3.6485    3.5346    0.4362    -0.1242    -0.0105    0.0027
0.4309    17.8850    17.7873    1.8853    1.8199    3.6884    3.2174    0.5444    0.5547    3.4636    3.3207    0.4183    -0.1064    -0.0020    0.0031
0.4444    17.9710    17.8667    1.8455    1.7808    3.5332    3.0325    0.5311    0.5417    3.3112    3.1177    0.3854    -0.0886    0.0068    0.0034
0.4581    18.0560    17.9439    1.8058    1.7416    3.3884    2.8577    0.5178    0.5286    3.1969    2.9246    0.3275    -0.0706    0.0072    0.0038
0.4719    18.1410    18.0189    1.7661    1.7022    3.2479    2.6925    0.5044    0.5152    3.0945    2.7410    0.2570    -0.0526    0.0092    0.0041
0.4859    18.2260    18.0917    1.7266    1.6628    3.1021    2.5362    0.4909    0.5018    2.9815    2.5663    0.1874    -0.0345    0.0003    0.0045
0.5000    18.3110    18.1624    1.6868    1.6233    2.9662    2.3885    0.4772    0.4882    2.8497    2.4000    0.1500    -0.0163    0.0031    0.0049
0.5142    18.3950    18.2311    1.6471    1.5838    2.8385    2.2487    0.4632    0.4744    2.6990    2.2415    0.0573    0.0020    0.0123    0.0053
0.5286    18.4780    18.2976    1.6077    1.5444    2.7079    2.1167    0.4494    0.4605    2.5439    2.0906    0.0118    0.0205    0.0043    0.0057
0.5431    18.5580    18.3621    1.5685    1.5051    2.5847    1.9917    0.4357    0.4464    2.3978    1.9467    0.0487    0.0390    0.0101    0.0061
0.5577    18.6380    18.4245    1.5298    1.4660    2.4688    1.8738    0.4219    0.4322    2.2497    1.8096    0.1196    0.0578    0.0107    0.0065
0.5724    18.7150    18.4850    1.4916    1.4271    2.3583    1.7623    0.4079    0.4179    2.1012    1.6788    0.2147    0.0767    -0.0014    0.0069
0.5873    18.7900    18.5434    1.4530    1.3886    2.2539    1.6571    0.3939    0.4034    1.9594    1.5542    0.3020    0.0957    -0.0074    0.0074
0.6022    18.8630    18.5998    1.4136    1.3503    2.1606    1.5579    0.3800    0.3888    1.8253    1.4353    0.3223    0.1148    0.0071    0.0079
0.6173    18.9340    18.6542    1.3746    1.3126    2.0722    1.4644    0.3661    0.3742    1.7030    1.3221    0.3185    0.1340    0.0189    0.0084
0.6325    19.0030    18.7066    1.3369    1.2753    1.9802    1.3764    0.3523    0.3594    1.5854    1.2143    0.3633    0.1533    0.0159    0.0089
0.6478    19.0710    18.7571    1.3003    1.2386    1.8899    1.2936    0.3383    0.3445    1.4715    1.1116    0.4690    0.1726    0.0070    0.0095
0.6631    19.1370    18.8055    1.2643    1.2026    1.8135    1.2159    0.3240    0.3294    1.3656    1.0139    0.5434    0.1920    0.0151    0.0101
0.6786    19.2000    18.8519    1.2295    1.1672    1.7380    1.1430    0.3096    0.3143    1.2574    0.9211    0.5592    0.2114    0.0137    0.0107
0.6941    19.2620    18.8963    1.1957    1.1327    1.6633    1.0748    0.2952    0.2992    1.1494    0.8330    0.6139    0.2306    0.0092    0.0113
0.7097    19.3210    18.9386    1.1626    1.0991    1.5945    1.0111    0.2805    0.2839    1.0454    0.7494    0.6888    0.2499    0.0064    0.0120
0.7254    19.3780    18.9789    1.1300    1.0665    1.5293    0.9518    0.2658    0.2685    0.9482    0.6704    0.7942    0.2689    -0.0004    0.0126
0.7412    19.4330    19.0172    1.0973    1.0350    1.4709    0.8967    0.2507    0.2531    0.8597    0.5958    0.8879    0.2876    0.0025    0.0134
0.7570    19.4860    19.0533    1.0647    1.0047    1.4219    0.8456    0.2353    0.2376    0.7774    0.5255    0.9204    0.3061    0.0192    0.0141
0.7729    19.5380    19.0874    1.0339    0.9757    1.3720    0.7985    0.2197    0.2220    0.6979    0.4595    0.9194    0.3242    0.0233    0.0149
0.7889    19.5870    19.1193    1.0051    0.9480    1.3246    0.7552    0.2041    0.2064    0.6235    0.3978    0.9411    0.3417    0.0143    0.0156
0.8049    19.6350    19.1490    0.9777    0.9218    1.2813    0.7156    0.1883    0.1907    0.5511    0.3404    0.9632    0.3588    0.0056    0.0164
0.8210    19.6810    19.1766    0.9509    0.8972    1.2436    0.6796    0.1724    0.1750    0.4808    0.2873    0.9634    0.3750    0.0078    0.0172
0.8371    19.7250    19.2019    0.9248    0.8743    1.2095    0.6470    0.1566    0.1592    0.4114    0.2384    0.9426    0.3904    0.0106    0.0180
0.8533    19.7660    19.2249    0.8997    0.8532    1.1780    0.6179    0.1408    0.1434    0.3425    0.1940    0.9330    0.4049    0.0144    0.0188
0.8695    19.8040    19.2456    0.8761    0.8340    1.1502    0.5920    0.1250    0.1276    0.2776    0.1539    0.9198    0.4184    0.0253    0.0195
0.8857    19.8380    19.2640    0.8550    0.8167    1.1212    0.5694    0.1093    0.1117    0.2181    0.1183    0.9045    0.4305    0.0272    0.0203
0.9020    19.8690    19.2801    0.8367    0.8016    1.0978    0.5500    0.0936    0.0958    0.1641    0.0872    0.8957    0.4414    0.0285    0.0209
0.9183    19.8960    19.2937    0.8214    0.7886    1.0803    0.5336    0.0780    0.0798    0.1160    0.0607    0.8818    0.4508    0.0326    0.0215
0.9346    19.9180    19.3049    0.8095    0.7779    1.0660    0.5203    0.0623    0.0639    0.0752    0.0390    0.8811    0.4588    0.0276    0.0220
0.9509    19.9350    19.3136    0.8004    0.7695    1.0575    0.5100    0.0465    0.0479    0.0425    0.0220    0.9023    0.4650    0.0268    0.0224
0.9673    19.9480    19.3199    0.7942    0.7635    1.0515    0.5026    0.0308    0.0319    0.0183    0.0098    0.9241    0.5291    0.0248    0.0256
0.9836    19.9560    19.3236    0.7905    0.7598    1.0483    0.4982    0.0153    0.0120    0.0034    0.0014    0.9242    0.4728    0.0216    0.0229
1.0000    19.9590    19.3236    0.7892    0.7598    1.0488    0.4982    -0.0000    0.0000    -0.0017    0.0000    0.9096    0.0000    0.0253    0.0000
