0.0000    0.0000    0.0000    0.0000    0.0000    87.2199    111.5030    0.0000    0.0000    0.0000    0.0000    -0.0000    0.0000    87.2199    167.2505
0.0001    0.0526    0.0529    0.0003    0.0004    86.3904    111.5030    0.0000    0.0000    0.0001    0.0000    0.0001    0.0017    85.9954    125.4188
0.0005    0.2105    0.2115    0.0048    0.0063    84.2851    111.5072    0.0000    0.0000    0.0036    0.0047    0.0060    0.0428    82.8434    111.2873
0.0012    0.4733    0.4755    0.0240    0.0319    81.3898    111.4997    0.0001    0.0003    0.0415    0.1209    0.0687    0.4784    78.3680    109.8296
0.0021    0.8409    0.8443    0.0740    0.1008    78.1863    111.3493    0.0006    0.0030    0.2378    1.1907    0.3858    3.1009    73.0868    102.7884
0.0033    1.3123    1.3140    0.1753    0.2441    74.9789    110.4830    0.0024    0.0176    0.9225    6.7187    1.4365    12.8454    66.8182    80.2588
0.0048    1.8856    1.8680    0.3503    0.4906    71.6649    107.1287    0.0071    0.0683    2.7617    24.4307    3.9630    33.6346    58.2546    35.3965
0.0066    2.5566    2.4612    0.6204    0.8340    67.8886    98.3603    0.0177    0.1857    6.8007    57.3449    8.4439    53.9044    45.5830    -15.3434
0.0086    3.3169    3.0232    0.9977    1.2034    63.4567    83.8488    0.0380    0.3631    14.2334    89.7959    14.1126    46.8475    28.1177    -41.9330
0.0108    4.1522    3.5174    1.4773    1.5226    58.7721    75.0703    0.0715    0.5068    25.7947    97.8609    18.5160    21.5075    7.8684    -39.6217
0.0134    5.0414    3.9503    2.0308    1.7789    54.7510    68.1144    0.1204    0.6058    41.0089    92.9236    18.6116    3.5889    -10.8376    -27.4340
0.0162    5.9581    4.3352    2.6103    1.9816    52.2032    62.0896    0.1842    0.6731    57.8991    84.2922    12.9118    -4.7274    -23.7936    -17.5793
0.0192    6.8732    4.6839    3.1617    2.1427    51.2078    56.7491    0.2593    0.7207    73.5293    75.5237    2.6920    -7.7753    -29.3287    -11.2652
0.0225    7.7596    5.0042    3.6396    2.2715    51.1564    51.9922    0.3405    0.7550    85.1936    67.5749    -8.8646    -8.4555    -28.5869    -7.3812
0.0261    8.5955    5.3022    4.0170    2.3754    51.2354    47.7427    0.4218    0.7806    91.4188    60.6541    -18.5160    -8.1374    -24.1645    -4.9625
0.0300    9.3663    5.5816    4.2866    2.4593    50.8563    43.9411    0.4985    0.7998    92.2009    54.6733    -24.3628    -7.4558    -18.5330    -3.4215
0.0341    10.0650    5.8457    4.4554    2.5274    49.8095    40.5327    0.5674    0.8144    88.6064    49.5153    -26.1782    -6.6755    -13.2503    -2.4121
0.0384    10.6890    6.0965    4.5381    2.5824    48.1505    37.4699    0.6268    0.8255    82.1284    45.0439    -24.8992    -5.9181    -8.9317    -1.7347
0.0431    11.2440    6.3360    4.5521    2.6266    46.0373    34.7102    0.6764    0.8338    74.1731    41.1514    -21.7594    -5.2294    -5.6975    -1.2699
0.0479    11.7330    6.5654    4.5145    2.6619    43.6277    32.2189    0.7169    0.8399    65.8228    37.7382    -17.8402    -4.6210    -3.3989    -0.9441
0.0531    12.1650    6.7858    4.4400    2.6895    41.0721    29.9626    0.7491    0.8442    57.7806    34.7325    -13.9083    -4.0918    -1.8105    -0.7117
0.0585    12.5470    6.9981    4.3413    2.7107    38.4544    27.9152    0.7744    0.8470    50.4336    32.0668    -10.3052    -3.6360    -0.7666    -0.5433
0.0641    12.8850    7.2031    4.2281    2.7262    35.7965    26.0522    0.7938    0.8485    43.9161    29.6933    -7.1226    -3.2428    -0.2107    -0.4194
0.0700    13.1870    7.4015    4.1068    2.7368    33.1828    24.3532    0.8082    0.8489    38.2526    27.5675    -4.4892    -2.9049    0.0740    -0.3270
0.0761    13.4560    7.5937    3.9815    2.7432    30.7306    22.8001    0.8184    0.8484    33.4225    25.6560    -2.5533    -2.6128    0.3373    -0.2573
0.0825    13.6990    7.7802    3.8565    2.7458    28.4404    21.3770    0.8250    0.8470    29.3465    23.9296    -1.1756    -2.3603    0.5773    -0.2041
0.0891    13.9210    7.9614    3.7364    2.7451    26.2857    20.0705    0.8288    0.8448    25.9337    22.3641    -0.1457    -2.1408    0.6703    -0.1632
0.0960    14.1230    8.1377    3.6239    2.7414    24.3020    18.8682    0.8303    0.8420    23.1032    20.9395    0.5127    -1.9487    0.6493    -0.1313
0.1031    14.3110    8.3094    3.5202    2.7349    22.4763    17.7594    0.8300    0.8385    20.7336    19.6395    0.8338    -1.7811    0.5808    -0.1064
0.1105    14.4850    8.4766    3.4251    2.7261    20.7869    16.7364    0.8284    0.8344    18.7080    18.4475    1.0596    -1.6322    0.4805    -0.0866
0.1181    14.6490    8.6399    3.3376    2.7150    19.2349    15.7879    0.8255    0.8299    16.9676    17.3540    1.2904    -1.5005    0.3726    -0.0709
0.1259    14.8030    8.7992    3.2564    2.7019    17.8386    14.9095    0.8214    0.8248    15.4682    16.3453    1.4876    -1.3837    0.3252    -0.0583
0.1340    14.9480    8.9548    3.1811    2.6869    16.5904    14.0936    0.8161    0.8193    14.1872    15.4145    1.5604    -1.2781    0.2848    -0.0481
0.1423    15.0880    9.1071    3.1110    2.6702    15.4627    13.3339    0.8095    0.8133    13.1160    14.5521    1.6666    -1.1833    0.1888    -0.0399
0.1508    15.2210    9.2560    3.0444    2.6519    14.4416    12.6259    0.8017    0.8069    12.2418    13.7522    1.8110    -1.0977    0.1224    -0.0332
0.1595    15.3520    9.4016    2.9798    2.6322    13.5165    11.9657    0.7929    0.8001    11.5170    13.0077    1.8887    -1.0194    0.1018    -0.0276
0.1685    15.4790    9.5442    2.9170    2.6111    12.6712    11.3480    0.7833    0.7930    10.8751    12.3146    1.8266    -0.9477    0.1116    -0.0231
0.1777    15.6040    9.6839    2.8561    2.5887    11.8792    10.7700    0.7734    0.7855    10.2917    11.6667    1.6714    -0.8819    0.1057    -0.0193
0.1872    15.7270    9.8208    2.7974    2.5651    11.1556    10.2280    0.7636    0.7777    9.7573    11.0610    1.4905    -0.8210    0.1070    -0.0162
0.1968    15.8480    9.9550    2.7412    2.5404    10.4900    9.7192    0.7542    0.7695    9.2576    10.4928    1.3597    -0.7644    0.0921    -0.0136
0.2067    15.9660    10.0866    2.6873    2.5146    9.8722    9.2406    0.7449    0.7611    8.7651    9.9598    1.2350    -0.7117    0.0725    -0.0114
0.2167    16.0820    10.2156    2.6350    2.4878    9.3007    8.7908    0.7356    0.7523    8.2855    9.4580    1.1462    -0.6621    0.0554    -0.0095
0.2270    16.1950    10.3424    2.5840    2.4600    8.7899    8.3664    0.7261    0.7433    7.8455    8.9860    1.1327    -0.6155    0.0527    -0.0079
0.2375    16.3060    10.4666    2.5343    2.4314    8.3171    7.9664    0.7167    0.7340    7.4596    8.5402    1.0460    -0.5715    0.0739    -0.0066
0.2482    16.4160    10.5887    2.4869    2.4019    7.8787    7.5881    0.7072    0.7244    7.1361    8.1195    0.9410    -0.5297    0.0600    -0.0055
0.2591    16.5240    10.7085    2.4412    2.3716    7.4758    7.2307    0.6975    0.7145    6.8639    7.7211    0.7062    -0.4901    0.0421    -0.0045
0.2701    16.6320    10.8262    2.3970    2.3405    7.1037    6.8922    0.6880    0.7044    6.6012    7.3442    0.4063    -0.4521    0.0470    -0.0037
0.2814    16.7390    10.9417    2.3543    2.3087    6.7573    6.5717    0.6790    0.6940    6.3504    6.9864    0.1535    -0.4158    0.0617    -0.0029
0.2929    16.8440    11.0552    2.3139    2.2762    6.4184    6.2677    0.6703    0.6834    6.0696    6.6470    0.0574    -0.3808    0.0434    -0.0023
0.3046    16.9480    11.1668    2.2750    2.2431    6.0913    5.9789    0.6618    0.6726    5.7690    6.3240    0.1462    -0.3472    0.0153    -0.0017
0.3164    17.0490    11.2764    2.2365    2.2093    5.7852    5.7046    0.6529    0.6615    5.4743    6.0168    0.3299    -0.3147    0.0012    -0.0013
0.3284    17.1480    11.3840    2.1976    2.1749    5.4992    5.4439    0.6429    0.6502    5.2073    5.7240    0.5227    -0.2832    -0.0067    -0.0008
0.3407    17.2450    11.4898    2.1575    2.1400    5.2294    5.1956    0.6317    0.6387    4.9758    5.4450    0.6467    -0.2526    -0.0092    -0.0005
0.3530    17.3420    11.5937    2.1166    2.1045    4.9837    4.9591    0.6196    0.6270    4.7680    5.1783    0.6320    -0.2228    0.0143    -0.0001
0.3656    17.4370    11.6959    2.0760    2.0685    4.7420    4.7335    0.6069    0.6151    4.5389    4.9236    0.5366    -0.1938    0.0444    0.0002
0.3783    17.5310    11.7962    2.0374    2.0321    4.5030    4.5185    0.5945    0.6029    4.2830    4.6799    0.4416    -0.1655    0.0293    0.0005
0.3912    17.6220    11.8949    2.0001    1.9952    4.2798    4.3132    0.5823    0.5906    4.0412    4.4468    0.4326    -0.1377    0.0022    0.0007
0.4043    17.7110    11.9917    1.9627    1.9579    4.0693    4.1172    0.5701    0.5781    3.8394    4.2233    0.4339    -0.1105    -0.0032    0.0010
0.4175    17.7990    12.0868    1.9246    1.9202    3.8658    3.9298    0.5575    0.5655    3.6485    4.0091    0.4362    -0.0837    -0.0105    0.0012
0.4309    17.8850    12.1803    1.8853    1.8822    3.6884    3.7506    0.5444    0.5526    3.4636    3.8034    0.4183    -0.0574    -0.0020    0.0015
0.4444    17.9710    12.2720    1.8455    1.8438    3.5332    3.5792    0.5311    0.5396    3.3112    3.6060    0.3854    -0.0315    0.0068    0.0017
0.4581    18.0560    12.3621    1.8058    1.8051    3.3884    3.4152    0.5178    0.5264    3.1969    3.4162    0.3275    -0.0059    0.0072    0.0019
0.4719    18.1410    12.4505    1.7661    1.7662    3.2479    3.2581    0.5044    0.5130    3.0945    3.2338    0.2570    0.0193    0.0092    0.0021
0.4859    18.2260    12.5373    1.7266    1.7270    3.1021    3.1077    0.4909    0.4995    2.9815    3.0582    0.1874    0.0444    0.0003    0.0023
0.5000    18.3110    12.6224    1.6868    1.6876    2.9662    2.9636    0.4772    0.4858    2.8497    2.8892    0.1500    0.0692    0.0031    0.0025
0.5142    18.3950    12.7058    1.6471    1.6481    2.8385    2.8255    0.4632    0.4720    2.6990    2.7264    0.0573    0.0938    0.0123    0.0028
0.5286    18.4780    12.7876    1.6077    1.6084    2.7079    2.6932    0.4494    0.4580    2.5439    2.5695    0.0118    0.1182    0.0043    0.0030
0.5431    18.5580    12.8677    1.5685    1.5686    2.5847    2.5664    0.4357    0.4439    2.3978    2.4183    0.0487    0.1425    0.0101    0.0033
0.5577    18.6380    12.9462    1.5298    1.5288    2.4688    2.4449    0.4219    0.4297    2.2497    2.2724    0.1196    0.1667    0.0107    0.0036
0.5724    18.7150    13.0229    1.4916    1.4889    2.3583    2.3285    0.4079    0.4153    2.1012    2.1317    0.2147    0.1908    -0.0014    0.0038
0.5873    18.7900    13.0980    1.4530    1.4490    2.2539    2.2169    0.3939    0.4009    1.9594    1.9959    0.3020    0.2148    -0.0074    0.0042
0.6022    18.8630    13.1713    1.4136    1.4093    2.1606    2.1101    0.3800    0.3863    1.8253    1.8649    0.3223    0.2389    0.0071    0.0045
0.6173    18.9340    13.2430    1.3746    1.3696    2.0722    2.0078    0.3661    0.3715    1.7030    1.7383    0.3185    0.2629    0.0189    0.0049
0.6325    19.0030    13.3128    1.3369    1.3301    1.9802    1.9100    0.3523    0.3567    1.5854    1.6162    0.3633    0.2869    0.0159    0.0053
0.6478    19.0710    13.3808    1.3003    1.2909    1.8899    1.8164    0.3383    0.3418    1.4715    1.4983    0.4690    0.3110    0.0070    0.0058
0.6631    19.1370    13.4470    1.2643    1.2519    1.8135    1.7271    0.3240    0.3268    1.3656    1.3845    0.5434    0.3351    0.0151    0.0063
0.6786    19.2000    13.5114    1.2295    1.2133    1.7380    1.6419    0.3096    0.3117    1.2574    1.2747    0.5592    0.3593    0.0137    0.0068
0.6941    19.2620    13.5738    1.1957    1.1751    1.6633    1.5607    0.2952    0.2965    1.1494    1.1687    0.6139    0.3835    0.0092    0.0075
0.7097    19.3210    13.6342    1.1626    1.1374    1.5945    1.4835    0.2805    0.2812    1.0454    1.0666    0.6888    0.4079    0.0064    0.0082
0.7254    19.3780    13.6925    1.1300    1.1004    1.5293    1.4102    0.2658    0.2658    0.9482    0.9683    0.7942    0.4323    -0.0004    0.0089
0.7412    19.4330    13.7488    1.0973    1.0640    1.4709    1.3408    0.2507    0.2504    0.8597    0.8738    0.8879    0.4567    0.0025    0.0098
0.7570    19.4860    13.8028    1.0647    1.0285    1.4219    1.2752    0.2353    0.2349    0.7774    0.7829    0.9204    0.4812    0.0192    0.0108
0.7729    19.5380    13.8546    1.0339    0.9938    1.3720    1.2135    0.2197    0.2194    0.6979    0.6958    0.9194    0.5056    0.0233    0.0119
0.7889    19.5870    13.9039    1.0051    0.9603    1.3246    1.1557    0.2041    0.2038    0.6235    0.6125    0.9411    0.5299    0.0143    0.0132
0.8049    19.6350    13.9507    0.9777    0.9279    1.2813    1.1016    0.1883    0.1882    0.5511    0.5330    0.9632    0.5540    0.0056    0.0146
0.8210    19.6810    13.9948    0.9509    0.8970    1.2436    1.0515    0.1724    0.1725    0.4808    0.4577    0.9634    0.5778    0.0078    0.0162
0.8371    19.7250    14.0361    0.9248    0.8676    1.2095    1.0054    0.1566    0.1568    0.4114    0.3865    0.9426    0.6010    0.0106    0.0179
0.8533    19.7660    14.0744    0.8997    0.8399    1.1780    0.9631    0.1408    0.1411    0.3425    0.3199    0.9330    0.6235    0.0144    0.0198
0.8695    19.8040    14.1095    0.8761    0.8142    1.1502    0.9250    0.1250    0.1254    0.2776    0.2582    0.9198    0.6449    0.0253    0.0218
0.8857    19.8380    14.1412    0.8550    0.7908    1.1212    0.8909    0.1093    0.1097    0.2181    0.2017    0.9045    0.6650    0.0272    0.0239
0.9020    19.8690    14.1692    0.8367    0.7697    1.0978    0.8611    0.0936    0.0940    0.1641    0.1510    0.8957    0.6833    0.0285    0.0260
0.9183    19.8960    14.1935    0.8214    0.7514    1.0803    0.8355    0.0780    0.0783    0.1160    0.1066    0.8818    0.6995    0.0326    0.0281
0.9346    19.9180    14.2137    0.8095    0.7360    1.0660    0.8144    0.0623    0.0626    0.0752    0.0692    0.8811    0.7135    0.0276    0.0300
0.9509    19.9350    14.2296    0.8004    0.7238    1.0575    0.7978    0.0465    0.0469    0.0425    0.0394    0.9023    0.7246    0.0268    0.0317
0.9673    19.9480    14.2412    0.7942    0.7149    1.0515    0.7858    0.0308    0.0312    0.0183    0.0177    0.9241    0.8261    0.0248    0.0373
0.9836    19.9560    14.2481    0.7905    0.7095    1.0483    0.7785    0.0153    0.0117    0.0034    0.0025    0.9242    0.7387    0.0216    0.0338
1.0000    19.9590    14.2481    0.7892    0.7095    1.0488    0.7785    -0.0000    0.0000    -0.0017    0.0000    0.9096    0.0000    0.0253    0.0000
